k = 5.0
x0 = [0.0, 0.1]
point-type = "Chebyshev-1"

[reference]
value-real = -0.07749904663258536
value-imag = -0.4149542448553104
precision = 4.273838627144366e-16

[barycenter-rule]
nb_pts = [1, 4, 16, 64, 256, 1024, 4096]
values-real = [8.775825618903728, -0.012443925723800736, -0.07487705563729274, -0.07724684966863421, -0.07747150371462667, -0.07749599222752854, -0.0774987073273319]
values-imag = [4.79425538604203, -0.9984681521844605, -0.45369379564675943, -0.4190745234888319, -0.4154098863703995, -0.41500484507261926, -0.4149598667732521]

[h-version-Q1]
nb_pts = [4, 16, 64, 256, 1024, 4096]
values-real = [0.2548839060863351, -0.07438837614584584, -0.0774516350359676, -0.07749845221314812, -0.07749903929739697, -0.07749904654203454]
values-imag = [-0.9059035696041768, -0.392158633977803, -0.41479191698619217, -0.4149523328715987, -0.4149542213708132, -0.41495424456554286]

[h-version-Q2]
nb_pts = [9, 36, 144, 576, 2304]
values-real = [1.1245688820959014, -0.07814955983608118, -0.0775107876361012, -0.07749919524757691, -0.07749904846642389]
values-imag = [0.029302077011457095, -0.4214004577404642, -0.41499538715925244, -0.4149547235807181, -0.4149542507274297]

[h-version-Q3]
nb_pts = [16, 64, 256, 1024, 4096]
values-real = [-0.09017954963806757, -0.07820298045242818, -0.07751084452668935, -0.07749919523393325, -0.07749904846639018]
values-imag = [-0.21613271282650037, -0.4208046119242464, -0.41499494338474147, -0.4149547230034229, -0.414954250726642]

[h-version-Q4]
nb_pts = [25, 100, 400, 1600, 6400]
values-real = [0.07359211144281813, -0.0774987428171462, -0.0774990454981612, -0.07749904663265127, -0.07749904663258565]
values-imag = [-0.4021351732856494, -0.41496302653519135, -0.41495424990938534, -0.41495424486167964, -0.4149542448553188]

[h-version-Q5]
nb_pts = [36, 144, 576, 2304]
values-real = [0.02207463610426065, -0.07748808146859426, -0.07749903408265757, -0.07749904663537872]
values-imag = [-0.3566357050495506, -0.41508215941816196, -0.41495433866397463, -0.41495424497713884]

[p-version]
nb_pts = [4, 9, 16, 25, 36, 49, 64, 81, 100, 121, 144, 169, 196, 225, 256, 289, 324, 361, 400, 441, 484, 529, 576, 625, 676]
values-real = [0.25488390608633477, 1.1245688820959021, -0.09017954963806732, 0.07359211144281816, 0.022074636104261136, -0.06326398606201583, -0.029399590914062072, -0.07358313401179085, -0.07068243847120884, -0.06721378346497098, -0.07923632366589375, -0.0777574973063812, -0.07813488246925372, -0.07609750192591481, -0.07754531508078576, -0.07751080477057543, -0.07751280489086948, -0.07758702819579366, -0.07754391830240157, -0.08116761724733194, -0.07749860230395077, -0.08311427793769031, -0.0774799726489975, -0.07778767488112753, -0.07751598101416315]
values-imag = [-0.9059035696041768, 0.029302077011457595, -0.216132712826499, -0.40213517328564957, -0.3566357050495509, -0.4117176198562474, -0.40578562289331105, -0.4153172076612211, -0.4146836113957598, -0.4149843576619947, -0.4149710914683191, -0.41495457030466243, -0.41495511375401656, -0.41495421828391366, -0.4149542403601417, -0.41495424483128224, -0.41495424474294634, -0.41495424486157756, -0.4149542448597272, -0.41495424485525506, -0.4149542448553132, -0.4149542448553094, -0.41495424485531, -0.41495424485531024, -0.4149542448553107]
