k = 5.0
x0 = [1.5, 0.1]
point-type = "Chebyshev-1"

[reference]
value-real = 0.11066836098490967
value-imag = -0.26326069221931236
precision = 1.2021929514022444e-15

[barycenter-rule]
nb_pts = [1, 4, 16, 64, 256, 1024, 4096]
values-real = [0.22015930092159344, 0.33321203460999016, 0.12409490955181612, 0.1120792032213024, 0.11082416437671425, 0.11068566071612267, 0.11067028303219796]
values-imag = [0.6277003730474517, -0.5685461687640786, -0.2837020443748772, -0.2654365275380833, -0.2635013282601327, -0.26328741575893794, -0.2632636613312416]

[h-version-Q1]
nb_pts = [4, 16, 64, 256, 1024, 4096]
values-real = [0.36877890906655575, 0.10380712685629384, 0.11062199820215926, 0.11066781427202371, 0.11066835426993002, 0.11066836090205603]
values-imag = [-0.5458708673784246, -0.2513104324960246, -0.26317533749547345, -0.2632596866789204, -0.26326067986822904, -0.26326069206691616]

[h-version-Q2]
nb_pts = [9, 36, 144, 576, 2304]
values-real = [-0.0035844163129189546, 0.1126360506690721, 0.11068010644163499, 0.11066849787240858, 0.11066836266394225]
values-imag = [-0.038679813919844666, -0.2666385348081887, -0.2632823244074062, -0.26326094398659794, -0.2632606953076047]

[h-version-Q3]
nb_pts = [16, 64, 256, 1024, 4096]
values-real = [0.04783888970468493, 0.11244088244873846, 0.11067998321477875, 0.11066849770660829, 0.11066836266371455]
values-imag = [-0.16350347011220562, -0.2663274794547744, -0.2632820919680174, -0.26326094368414443, -0.2632606953071919]

[h-version-Q4]
nb_pts = [25, 100, 400, 1600, 6400]
values-real = [0.1099472001363634, 0.11067139326672239, 0.1106683623608429, 0.11066836098673076, 0.11066836098491216]
values-imag = [-0.25658577692623386, -0.2632652716995094, -0.2632606948660773, -0.26326069222264925, -0.26326069221931686]

[h-version-Q5]
nb_pts = [36, 144, 576, 2304]
values-real = [0.09785849986138649, 0.11071038892301735, 0.11066838700539565, 0.11066836101989082]
values-imag = [-0.23289429900644487, -0.26332746332717055, -0.2632607413537862, -0.26326069228314014]

[p-version]
nb_pts = [4, 9, 16, 25, 36, 49, 64, 81, 100, 121, 144, 169, 196, 225, 256, 289, 324, 361, 400, 441, 484, 529, 576, 625, 676]
values-real = [0.3687789090665556, -0.0035844163129189373, 0.04783888970468548, 0.10994720013636329, 0.097858499861387, 0.11028845829217647, 0.11005069342726863, 0.11042788707577042, 0.11079725514245228, 0.11056371439358156, 0.1106198559157546, 0.11066301518757421, 0.11065346121696097, 0.11067119068150226, 0.11066893375406969, 0.11066823428720174, 0.11066856306584455, 0.11066849021818302, 0.11066845040949404, 0.11066824317219327, 0.11066836291154131, 0.11066830036517097, 0.1106683271404562, 0.11066836354573369, 0.11066834775661319]
values-imag = [-0.545870867378424, -0.03867981391984483, -0.16350347011220553, -0.25658577692623363, -0.23289429900644468, -0.2615746105110419, -0.258485830800375, -0.26344918822916585, -0.26312012794693845, -0.26327629984476236, -0.26326942412870746, -0.2632608607736615, -0.26326114223058783, -0.26326067845103424, -0.2632606898903963, -0.2632606922068404, -0.2632606921610045, -0.2632606922225728, -0.2632606922216098, -0.263260692219284, -0.26326069221931403, -0.2632606922193123, -0.2632606922193119, -0.2632606922193119, -0.26326069221931225]
