k = 5.0
x0 = [1.25, 0.1]
point-type = "Chebyshev-1"

[reference]
value-real = -0.19252149103243177
value-imag = -0.25456788943262065
precision = 7.011084180060734e-16

[barycenter-rule]
nb_pts = [1, 4, 16, 64, 256, 1024, 4096]
values-real = [0.797382568579087, -0.33902429809384454, -0.2037512142280598, -0.1937318784045329, -0.19265553934881632, -0.1925363799155548, -0.19252314528650138]
values-imag = [-0.010539782776288812, -0.6655175992662572, -0.28085787405593265, -0.257354162260228, -0.25487589054310467, -0.25460209231756986, -0.2545716895130587]

[h-version-Q1]
nb_pts = [4, 16, 64, 256, 1024, 4096]
values-real = [-0.274966244714637, -0.1850715780989005, -0.19243891105220223, -0.1925204435073521, -0.19252147809125894, -0.1925214908726643]
values-imag = [-0.6978051787132574, -0.2387341473804448, -0.2544563892132565, -0.25456657699159735, -0.2545678733133081, -0.25456788923373097]

[h-version-Q2]
nb_pts = [9, 36, 144, 576, 2304]
values-real = [0.027215547222265025, -0.19439123800635275, -0.19254184918231837, -0.19252175282525485, -0.19252149426771994]
values-imag = [0.044226612820484554, -0.25905671424787635, -0.2545961549473919, -0.2545682180504911, -0.25456789346314107]

[h-version-Q3]
nb_pts = [16, 64, 256, 1024, 4096]
values-real = [-0.1330148235245761, -0.19434042225574866, -0.19254200867859275, -0.19252175287625653, -0.1925214942677209]
values-imag = [-0.11948137895283456, -0.25863572407520186, -0.25459584587918305, -0.2545682176487999, -0.2545678934625936]

[h-version-Q4]
nb_pts = [25, 100, 400, 1600, 6400]
values-real = [-0.17033740417733945, -0.19252358747403753, -0.19252148855404744, -0.19252149103148855, -0.19252149103243163]
values-imag = [-0.24542052261066, -0.2545741215782924, -0.25456789295462784, -0.25456788943705283, -0.25456788943262665]

[h-version-Q5]
nb_pts = [36, 144, 576, 2304]
values-real = [-0.15079188305292993, -0.19253388817476827, -0.19252145651501235, -0.19252149102128108]
values-imag = [-0.213439878486513, -0.25465828132132823, -0.25456795476793515, -0.2545678895173912]

[p-version]
nb_pts = [4, 9, 16, 25, 36, 49, 64, 81, 100, 121, 144, 169, 196, 225, 256, 289, 324, 361, 400, 441, 484, 529, 576, 625, 676]
values-real = [-0.27496624471463593, 0.027215547222265442, -0.1330148235245749, -0.17033740417733834, -0.15079188305293006, -0.18851952601046804, -0.17801914678957104, -0.19578663973028324, -0.19075007049071127, -0.19398854421645426, -0.1931614351559704, -0.1925533121718817, -0.19283191378222794, -0.1924561023711549, -0.1924969135275064, -0.19254624465912323, -0.19249766647836514, -0.19251012562963832, -0.19250806455334535, -0.19256543256565728, -0.19252294645944817, -0.19255370757788431, -0.19253408530377872, -0.19252361189619688, -0.19253094671669801]
values-imag = [-0.6978051787132582, 0.044226612820482944, -0.11948137895283607, -0.24542052261066097, -0.21343987848651286, -0.2522605679442913, -0.24802037511159114, -0.25483189604672896, -0.2543712583174759, -0.25459017429332836, -0.25458034940177593, -0.2545681342331437, -0.2545685429294177, -0.25456786913263507, -0.2545678860025514, -0.25456788941398245, -0.254567889345596, -0.25456788943753994, -0.254567889436087, -0.25456788943257713, -0.25456788943262315, -0.25456788943262043, -0.2545678894326206, -0.2545678894326209, -0.2545678894326206]
