k = 5.0
x0 = [2.0, 0.1]
point-type = "Chebyshev-1"

[reference]
value-real = 0.10730306369563183
value-imag = 0.19378820865734814
precision = 8.40539496707247e-16

[barycenter-rule]
nb_pts = [1, 4, 16, 64, 256, 1024, 4096]
values-real = [-0.415585950338, 0.19333449526413746, 0.11412940165481275, 0.1080362738432749, 0.10738422900135745, 0.10731207834119323, 0.10730406527698645]
values-imag = [-0.27688422939046675, 0.468979546552319, 0.21096495391281125, 0.19560195160150842, 0.19398862126604913, 0.19381046304008673, 0.19379068119769224]

[h-version-Q1]
nb_pts = [4, 16, 64, 256, 1024, 4096]
values-real = [0.17708928599798573, 0.10506441190179644, 0.10728225700246113, 0.10730281494595628, 0.10730306063552916, 0.10730306365786772]
values-imag = [0.4675054328439697, 0.18410601026955484, 0.19371866260010465, 0.19378738911604165, 0.193788198590593, 0.19378820853313714]

[h-version-Q2]
nb_pts = [9, 36, 144, 576, 2304]
values-real = [0.0615202015383412, 0.10790285674738548, 0.10730831452050679, 0.10730312594902258, 0.10730306446074787]
values-imag = [0.013960025551430198, 0.19652604690944603, 0.19380583317596342, 0.1937884138523673, 0.1937882111744595]

[h-version-Q3]
nb_pts = [16, 64, 256, 1024, 4096]
values-real = [0.08154400410183238, 0.10786998756529488, 0.10730827548642914, 0.10730312589679838, 0.10730306446067638]
values-imag = [0.11189329599925324, 0.19627543708607542, 0.19380564489183766, 0.1937884136073135, 0.19378821117412512]

[h-version-Q4]
nb_pts = [25, 100, 400, 1600, 6400]
values-real = [0.106931699029056, 0.10730345713533485, 0.1073030641319753, 0.10730306369620687, 0.10730306369563258]
values-imag = [0.18842295261595138, 0.19379189026205298, 0.1937882108009919, 0.19378820866005178, 0.1937882086573518]

[h-version-Q5]
nb_pts = [36, 144, 576, 2304]
values-real = [0.10317777664214264, 0.10731003749296417, 0.10730307193885287, 0.10730306370665174]
values-imag = [0.16915360474282456, 0.19384198365341626, 0.1937882484575587, 0.19378820870906252]

[p-version]
nb_pts = [4, 9, 16, 25, 36, 49, 64, 81, 100, 121, 144, 169, 196, 225, 256, 289, 324, 361, 400, 441, 484, 529, 576, 625, 676]
values-real = [0.17708928599798518, 0.06152020153834047, 0.08154400410183041, 0.10693169902905597, 0.10317777664214281, 0.10720348682445241, 0.10708018700868341, 0.10728683539539409, 0.10731348796545759, 0.10729883333272124, 0.10730083141083169, 0.10730295079778614, 0.10730277028029583, 0.10730309164004262, 0.10730306716149812, 0.10730306383055815, 0.10730306410419588, 0.10730306356966214, 0.1073030636094192, 0.1073030636993234, 0.10730306369540663, 0.10730306369499648, 0.10730306369527554, 0.10730306369572028, 0.10730306369553443]
values-imag = [0.46750543284396917, 0.013960025551430211, 0.11189329599925399, 0.1884229526159515, 0.16915360474282437, 0.1924335610218314, 0.18995695164385992, 0.19393750287092493, 0.19367677769332342, 0.19380039556572848, 0.1937950309603921, 0.19378833803329662, 0.19378855412746598, 0.19378819830610927, 0.1937882069030321, 0.193788208648204, 0.19378820861447252, 0.1937882086596845, 0.19378820865899493, 0.1937882086573283, 0.19378820865734922, 0.19378820865734786, 0.1937882086573478, 0.19378820865734822, 0.19378820865734803]
