k = 5.0
x0 = [1.0, 0.1]
point-type = "Chebyshev-1"

[reference]
value-real = -0.36322294493339724
value-imag = 0.006303392983600785
precision = 9.20858719512792e-16

[barycenter-rule]
nb_pts = [1, 4, 16, 64, 256, 1024, 4096]
values-real = [0.3059589899777166, -0.7753483020883161, -0.3941542470747244, -0.3666502529311024, -0.3636044150571157, -0.3632653400201213, -0.3632276556183745]
values-imag = [-0.9468305584172945, -0.19597713873637382, -0.0061774707156942756, 0.004986542188362765, 0.00615789784936201, 0.006287236946839302, 0.006301597992889935]

[h-version-Q1]
nb_pts = [4, 16, 64, 256, 1024, 4096]
values-real = [-0.741018325971469, -0.350163545390643, -0.3632738735234617, -0.3632246653908332, -0.3632229674066524, -0.3632229452130157]
values-imag = [-0.3029224734552232, 0.013641259890413725, 0.006355466437241303, 0.006304006581422889, 0.006303400520656538, 0.006303393076598683]

[h-version-Q2]
nb_pts = [9, 36, 144, 576, 2304]
values-real = [0.4166497810001223, -0.3676950822739953, -0.36321838258378364, -0.3632225217677231, -0.3632229393281594]
values-imag = [0.15366638670594254, 0.0042233706874176685, 0.006290196058948715, 0.00630323935218605, 0.006303391099020552]

[h-version-Q3]
nb_pts = [16, 64, 256, 1024, 4096]
values-real = [-0.21726479983670027, -0.3669330254781318, -0.36321274313665763, -0.36322251606312705, -0.36322293931778]
values-imag = [0.07967252090739484, 0.004416908458884941, 0.006290337276573497, 0.006303239535724859, 0.006303391099270845]

[h-version-Q4]
nb_pts = [25, 100, 400, 1600, 6400]
values-real = [-0.21701284926955755, -0.3632047228353727, -0.3632230320182452, -0.36322294498213875, -0.36322294493350876]
values-imag = [0.010623915289462105, 0.00630052276827809, 0.006303391374351007, 0.006303392981575687, 0.006303392983598056]

[h-version-Q5]
nb_pts = [36, 144, 576, 2304]
values-real = [-0.22651425496158922, -0.3633513350407179, -0.36322416048190487, -0.3632229461228309]
values-imag = [0.026114646253407956, 0.006261841398576565, 0.006303363131057414, 0.0063033929448678755]

[p-version]
nb_pts = [4, 9, 16, 25, 36, 49, 64, 81, 100, 121, 144, 169, 196, 225, 256, 289, 324, 361, 400, 441, 484, 529, 576, 625, 676]
values-real = [-0.7410183259714704, 0.4166497810001219, -0.21726479983670058, -0.2170128492695577, -0.226514254961589, -0.3389700686251305, -0.2772472798838737, -0.4036509141197512, -0.33181032888815004, -0.3954500505521507, -0.3794470062772468, -0.36594855748453337, -0.4152659410096361, -0.35975684082378945, -0.4114100852142128, -0.36533517877912736, -0.37246116112789457, -0.3637558614984168, -0.3685792332201354, -0.38207366880199745, -0.3630605519547211, -0.38880017839734843, -0.3625460059879269, -0.3699202436621056, -0.364173981338705]
values-imag = [-0.30292247345522616, 0.15366638670594224, 0.07967252090739461, 0.010623915289462216, 0.02611464625340745, 0.007385345127881589, 0.009374221592166956, 0.006179135107449713, 0.006395853540417793, 0.006292754627063179, 0.006297448561894808, 0.006303274112445214, 0.006303075702538538, 0.006303403016184121, 0.006303394676388241, 0.006303392992975774, 0.006303393027295554, 0.006303392981092577, 0.006303392981833614, 0.006303392983623203, 0.006303392983599551, 0.006303392983600825, 0.006303392983600783, 0.006303392983600806, 0.0063033929836007535]
