k = 5.0
x0 = [2.0, 0.5]
point-type = "Chebyshev-1"

[reference]
value-real = 0.004666138667369653
value-imag = 0.02728101359886653
precision = 1.8640639035765612e-13

[barycenter-rule]
nb_pts = [1, 7, 49, 343, 2401]
values-real = [-0.30794593139094406, -0.03732652000473402, -0.0019162106717273523, 0.003506685453701417, 0.004454196388110378]
values-imag = [-0.37478449939508274, -0.025452266622272002, 0.019463833682878993, 0.025934726975251846, 0.027036455113564003]

[h-version-Q1]
nb_pts = [4, 28, 196, 1372, 9604]
values-real = [0.11075821514047372, 0.047929211226393736, 0.013218905104490393, 0.006030140800448162, 0.004914352290161714]
values-imag = [0.3044313292081525, 0.08990954586410621, 0.03410775264462245, 0.028597101064563882, 0.02752458301223202]

[h-version-Q2]
nb_pts = [9, 63, 441, 3087]
values-real = [-0.10126895310682206, -0.001975457806676826, 0.004326940743620688, 0.0046572732034910955]
values-imag = [-0.23444587657497892, 0.011757511355869653, 0.027027744931896063, 0.027265023213747408]

[h-version-Q3]
nb_pts = [16, 112, 784, 5488]
values-real = [0.02613095470000866, 0.005959738529617229, 0.004733187538260656, 0.0046674827027749916]
values-imag = [0.12134774659668766, 0.03106407700381394, 0.027313212238059218, 0.027283252731381748]

[h-version-Q4]
nb_pts = [25, 175, 1225, 8575]
values-real = [0.0008547584654763166, 0.00456170080256986, 0.00466450251831229, 0.004666139074312438]
values-imag = [0.0017712472731456937, 0.02684026551297049, 0.02728064922751635, 0.027281019810080707]

[h-version-Q5]
nb_pts = [36, 252, 1764, 12348]
values-real = [0.0033386020447640752, 0.004621024525593371, 0.004665766940137067, 0.004666142091116213]
values-imag = [0.021470114271847765, 0.02711719811322291, 0.027280965329005438, 0.0272810311144426]

[p-version]
nb_pts = [4, 9, 16, 25, 36, 49, 64, 81, 100, 121, 144, 169, 196, 225, 256, 289, 324, 361, 400, 441, 484, 529, 576, 625, 676]
values-real = [0.11075821514047364, -0.1012689531068211, 0.026130954700010246, 0.0008547584654763836, 0.0033386020447631454, 0.004640486893460111, 0.004607138254576286, 0.004662990111858105, 0.004667864770625774, 0.004665856145578068, 0.004666181681124054, 0.0046661342663249315, 0.004666134430234426, 0.004666138967597363, 0.004666138680465665, 0.004666138670487859, 0.0046661386610079274, 0.004666138667213434, 0.004666138666524982, 0.004666138667359901, 0.004666138667362021, 0.004666138667369022, 0.004666138667377192, 0.004666138667369747, 0.0046661386673711265]
values-imag = [0.3044313292081526, -0.23444587657497976, 0.12134774659668685, 0.0017712472731454799, 0.02147011427184868, 0.02666205596824573, 0.025904970632204632, 0.027307885791179855, 0.02720970322945552, 0.027284587992140976, 0.027281163368080025, 0.027281053976696994, 0.027281058336681558, 0.027281011795725285, 0.027281012949117573, 0.0272810135798836, 0.02728101356744157, 0.027281013599153275, 0.027281013598655618, 0.027281013598868125, 0.02728101359886559, 0.027281013598866574, 0.027281013598866796, 0.027281013598866703, 0.02728101359886652]
