k = 5.0
x0 = [2.0, 0.5]
point-type = "Chebyshev-1"

[reference]
value-real = -0.005151056612049749
value-imag = -0.05041300190409091
precision = 8.767672421579109e-16

[barycenter-rule]
nb_pts = [1, 3, 9, 27, 81, 243, 729, 2187]
values-real = [-0.30794593139094406, -0.02071380985213933, -0.007807670281958251, -0.0058174018017649876, -0.005346958763098325, -0.005213857550991477, -0.00517236233458557, -0.005158575940322923]
values-imag = [-0.37478449939508274, -0.0976702884102903, -0.06380315075258505, -0.0550336889232172, -0.052112230578138505, -0.05105244099298474, -0.05065575911665924, -0.05050548509291804]

[h-version-Q1]
nb_pts = [4, 12, 36, 108, 324, 972, 2916]
values-real = [0.2850086070584984, 0.031042140421074338, 0.00208668865220139, -0.003407625074852868, -0.004694801286038854, -0.005024400849762619, -0.005113848723708844]
values-imag = [-0.07317517185069974, -0.02451051244773194, -0.04105786852219906, -0.04691732708728619, -0.04908431108505466, -0.04990562586551053, -0.050219077647878245]

[h-version-Q2]
nb_pts = [9, 27, 81, 243, 729, 2187]
values-real = [-0.10890543102933772, -0.014609943760298047, -0.006708379541458892, -0.005476379529268008, -0.00522471567178681, -0.005168205577952051]
values-imag = [0.0422410602893932, -0.04799519382205414, -0.050199319746253614, -0.05038531806755683, -0.05040904204310595, -0.0504124262520832]

[h-version-Q3]
nb_pts = [16, 48, 144, 432, 1296, 3888]
values-real = [0.00869610923827559, -0.004751234129411287, -0.005136098026371886, -0.005151269939017204, -0.005151261280866917, -0.005151100648577227]
values-imag = [-0.06994512339304276, -0.050308644415062956, -0.05039087457768688, -0.0504105795296828, -0.05041273403659614, -0.05041297057896859]

[h-version-Q4]
nb_pts = [25, 75, 225, 675, 2025, 6075]
values-real = [-0.0046898208824705, -0.005101064973845534, -0.005147261170076332, -0.005150740051918054, -0.005151029269063542, -0.005151054209028648]
values-imag = [-0.04997364844779512, -0.05042874281883539, -0.050413553281887395, -0.05041300761852826, -0.050413000381706936, -0.05041300166640615]

[h-version-Q5]
nb_pts = [36, 108, 324, 972, 2916]
values-real = [-0.004075395752437898, -0.005137997780403969, -0.00515090162923728, -0.005151060753476901, -0.005151057182732316]
values-imag = [-0.04915267491198414, -0.05036406422102037, -0.05041118207961446, -0.050412919051846077, -0.05041299773730075]

[p-version]
nb_pts = [4, 9, 16, 25, 36, 49, 64, 81, 100, 121, 144, 169, 196, 225, 256, 289, 324, 361, 400, 441, 484, 529, 576, 625, 676]
values-real = [0.285008607058499, -0.10890543102934191, 0.008696109238275665, -0.004689820882470531, -0.004075395752438084, -0.005292558344366202, -0.005118550765494705, -0.005151922413892723, -0.005147971214655295, -0.005151303118147342, -0.005150999477828251, -0.005151060783139681, -0.005151055977095328, -0.005151056709434022, -0.005151056724928494, -0.005151056610694282, -0.005151056623664793, -0.005151056611903277, -0.005151056612669113, -0.005151056612046259, -0.005151056612044593, -0.005151056612050413, -0.005151056612044452, -0.005151056612049858, -0.005151056612049278]
values-imag = [-0.07317517185070702, 0.042241060289395234, -0.06994512339304271, -0.04997364844779517, -0.049152674911984065, -0.050149662702416796, -0.05037962812358395, -0.0504082217406048, -0.0504112842022281, -0.050412578242969644, -0.05041299318547568, -0.050412993703765945, -0.05041300170044576, -0.050413001720072806, -0.05041300190976037, -0.05041300190246941, -0.050413001904208846, -0.05041300190408389, -0.05041300190409265, -0.05041300190409104, -0.050413001904090926, -0.05041300190409093, -0.05041300190409089, -0.05041300190409077, -0.0504130019040909]
