k = 5.0
x0 = [2.0, 0.5]
point-type = "Chebyshev-1"

[reference]
value-real = 0.09157617764139989
value-imag = 0.00957785002453446
precision = 1.6097066332575254e-16

[barycenter-rule]
nb_pts = [1, 3, 9, 27, 81, 243, 729, 2187]
values-real = [-0.30794593139094406, 0.1537909859951881, 0.1037073645043325, 0.09443173371823149, 0.09227936318216698, 0.09175128982170941, 0.09161991006505964, 0.0915871075233138]
values-imag = [-0.37478449939508274, 0.015699274922809314, 0.011649015477588849, 0.010117818611778434, 0.009716896510207507, 0.009613249053457569, 0.009586789045468468, 0.009580096582680183]

[h-version-Q1]
nb_pts = [4, 12, 36, 108, 324, 972, 2916]
values-real = [0.2850086070584979, 0.06615764038854617, 0.085830572556387, 0.09022206354563005, 0.09124704215749177, 0.09149501078147705, 0.09155602206024255]
values-imag = [-0.07317517185069913, 0.02813450670796859, 0.010894391783609236, 0.009621730277277564, 0.009556954357502017, 0.009568793473933287, 0.00957511384047421]

[h-version-Q2]
nb_pts = [9, 27, 81, 243, 729, 2187]
values-real = [0.010064613823627442, 0.0929705090482988, 0.09165224034438549, 0.0915809085298379, 0.09157649267407794, 0.09157620010004394]
values-imag = [0.018636050907527252, 0.008607876741805534, 0.009543857713177145, 0.009575626356838635, 0.00957763634562192, 0.009577825647320144]

[h-version-Q3]
nb_pts = [16, 48, 144, 432, 1296, 3888]
values-real = [0.08898169044929692, 0.09154350904666665, 0.09157560089910613, 0.09157612883647213, 0.09157617480045195, 0.09157617748280741]
values-imag = [0.0060584736520357075, 0.010087999462079875, 0.00959047268398592, 0.009578258651411783, 0.009577865783643308, 0.009577850728746572]

[h-version-Q4]
nb_pts = [25, 75, 225, 675, 2025, 6075]
values-real = [0.0930371384851787, 0.09159747110000321, 0.09157623857096475, 0.09157617494302166, 0.09157617749202537, 0.0915761776357146]
values-imag = [0.0049343257832013925, 0.00961680861190771, 0.009578960984217587, 0.00957788367954864, 0.009577851065153496, 0.009577850056921581]

[h-version-Q5]
nb_pts = [36, 108, 324, 972, 2916]
values-real = [0.09198089225872948, 0.09157790125599724, 0.09157615378163864, 0.09157617704469811, 0.09157617763106837]
values-imag = [0.011127876280638818, 0.009586696303313796, 0.009577881763424705, 0.009577850084394868, 0.009577850022752913]

[p-version]
nb_pts = [4, 9, 16, 25, 36, 49, 64, 81, 100, 121, 144, 169, 196, 225, 256, 289, 324, 361, 400, 441, 484, 529, 576, 625, 676]
values-real = [0.28500860705849873, 0.010064613823627694, 0.08898169044929669, 0.09303713848517874, 0.0919808922587296, 0.0916015546155192, 0.09164397029876524, 0.0915846656471887, 0.09158220633799927, 0.09157642731116172, 0.09157637667279402, 0.09157618564828222, 0.09157617993685699, 0.0915761777193176, 0.09157617723734207, 0.09157617764722728, 0.09157617759626543, 0.09157617764181, 0.09157617763899868, 0.09157617764140757, 0.09157617764145483, 0.09157617764139796, 0.0915761776414287, 0.09157617764139978, 0.0915761776414034]
values-imag = [-0.0731751718507036, 0.018636050907527135, 0.006058473652035017, 0.004934325783201271, 0.0111278762806386, 0.009303367350329274, 0.009643882221345644, 0.009553576974810919, 0.009580960209213106, 0.00957707259332292, 0.009577915413077303, 0.009577831270741131, 0.00957785146427053, 0.009577849895581147, 0.009577850035023247, 0.009577850024866542, 0.009577850024487987, 0.009577850024538492, 0.009577850024531199, 0.00957785002453413, 0.009577850024534363, 0.009577850024534358, 0.00957785002453441, 0.009577850024534505, 0.009577850024534405]
