k = 5.0
x0 = [2.0, 0.5]
point-type = "Chebyshev-1"

[reference]
value-real = 0.09157617764139975
value-imag = 0.009577850024535532
precision = 1.5258998765906448e-12

[barycenter-rule]
nb_pts = [1, 3, 9, 27, 81, 243, 729, 2187]
values-real = [-0.30794593139094406, 0.1537909859951881, 0.10370736450433252, 0.09443173371823152, 0.092279363182167, 0.09175128982170945, 0.09161991006505968, 0.09158710752331395]
values-imag = [-0.37478449939508274, 0.015699274922809307, 0.011649015477588844, 0.01011781861177843, 0.009716896510207528, 0.009613249053457512, 0.009586789045468466, 0.00958009658268015]

[h-version-Q1]
nb_pts = [4, 12, 36, 108, 324, 972, 2916]
values-real = [0.2850086070584984, 0.06615764038854717, 0.08583057255638722, 0.09022206354563012, 0.0912470421574918, 0.09149501078147695, 0.09155602206024262]
values-imag = [-0.07317517185070371, 0.02813450670796959, 0.010894391783609745, 0.009621730277277831, 0.009556954357502073, 0.0095687934739333, 0.00957511384047418]

[h-version-Q2]
nb_pts = [9, 27, 81, 243, 729, 2187]
values-real = [0.010064613823628053, 0.09297050904829873, 0.09165224034438549, 0.0915809085298379, 0.09157649267407802, 0.09157620010004383]
values-imag = [0.018636050907527173, 0.008607876741805772, 0.0095438577131773, 0.009575626356838647, 0.00957763634562194, 0.009577825647320133]

[h-version-Q3]
nb_pts = [16, 48, 144, 432, 1296, 3888]
values-real = [0.08898169044929681, 0.09154350904666661, 0.09157560089910606, 0.09157612883647204, 0.09157617480045194, 0.0915761774828074]
values-imag = [0.006058473652035723, 0.010087999462079876, 0.009590472683986015, 0.009578258651411773, 0.009577865783643474, 0.009577850728746444]

[h-version-Q4]
nb_pts = [25, 75, 225, 675, 2025, 6075]
values-real = [0.09303713848517865, 0.09159747110000321, 0.09157623857096475, 0.09157617494302171, 0.09157617749202548, 0.09157617763571466]
values-imag = [0.0049343257832012676, 0.009616808611907684, 0.009578960984217608, 0.00957788367954863, 0.009577851065153319, 0.009577850056921626]

[h-version-Q5]
nb_pts = [36, 108, 324, 972, 2916]
values-real = [0.09198089225872955, 0.09157790125599724, 0.09157615378163868, 0.09157617704469799, 0.09157617763106846]
values-imag = [0.011127876280638813, 0.009586696303313743, 0.009577881763424726, 0.009577850084395018, 0.009577850022752958]

[p-version]
nb_pts = [4, 9, 16, 25, 36, 49, 64, 81, 100, 121, 144, 169, 196, 225, 256, 289, 324, 361, 400, 441, 484, 529, 576, 625, 676]
values-real = [0.2850086070584983, 0.010064613823628473, 0.0889816904492965, 0.0930371384851787, 0.09198089225872963, 0.09160155461551918, 0.09164397029876536, 0.09158466564718874, 0.09158220633799935, 0.0915764273111617, 0.09157637667279404, 0.09157618564828227, 0.09157617993685696, 0.09157617771931754, 0.09157617723734206, 0.0915761776472274, 0.09157617759626542, 0.0915761776418101, 0.09157617763899865, 0.0915761776414076, 0.0915761776414548, 0.09157617764139796, 0.09157617764142872, 0.09157617764139972, 0.09157617764140344]
values-imag = [-0.07317517185070024, 0.018636050907527145, 0.006058473652035507, 0.004934325783201385, 0.011127876280638641, 0.00930336735032943, 0.009643882221345514, 0.009553576974810853, 0.009580960209213046, 0.009577072593322916, 0.0095779154130773, 0.009577831270741152, 0.009577851464270535, 0.009577849895581162, 0.009577850035023233, 0.009577850024866618, 0.009577850024487949, 0.009577850024538521, 0.0095778500245312, 0.009577850024534096, 0.009577850024534424, 0.009577850024534372, 0.009577850024534413, 0.009577850024534516, 0.00957785002453435]
