k = 5.0
x0 = [2.0, 0.5]
point-type = "Chebyshev-1"

[reference]
value-real = 0.007436648678255636
value-imag = 0.08033473300052467
precision = 1.1349278681366516e-15

[barycenter-rule]
nb_pts = [1, 5, 25, 125, 625, 3125]
values-real = [-0.30794593139094406, 0.0028421920514345167, 0.0073521787823898795, 0.007430200894034174, 0.007435968587968408, 0.0074365735752806444]
values-imag = [-0.37478449939508274, 0.1645534397085953, 0.08586628108435695, 0.08092514201772817, 0.08040005650904714, 0.08034198782564679]

[h-version-Q1]
nb_pts = [4, 20, 100, 500, 2500]
values-real = [0.062004189353310785, 0.00866022037222576, 0.007458732673654983, 0.007438278851778536, 0.007436818977555437]
values-imag = [0.27064682385552735, 0.05466794860871146, 0.0789293654483992, 0.08018689479845664, 0.08031839943729986]

[h-version-Q2]
nb_pts = [9, 45, 225, 1125, 5625]
values-real = [-0.02804820111288489, 0.007252411923830058, 0.007435449267317793, 0.00743663209609155, 0.007436648452728248]
values-imag = [-0.10279493731949878, 0.08314363369893688, 0.0803493095960969, 0.08033489165769703, 0.08033473485813959]

[h-version-Q3]
nb_pts = [16, 80, 400, 2000, 10000]
values-real = [0.027452014877271776, 0.007393303663595473, 0.007436166171940617, 0.007436641641126826, 0.007436648582088701]
values-imag = [0.07685556416396885, 0.08148616578787808, 0.08034087917327616, 0.08033480058179454, 0.0803347337928875]

[h-version-Q4]
nb_pts = [25, 125, 625, 3125]
values-real = [0.006050202208182856, 0.007438147284069366, 0.007436650151982432, 0.00743664868034026]
values-imag = [0.08168974592636329, 0.08031971107096565, 0.08033472485680619, 0.08033473299108546]

[h-version-Q5]
nb_pts = [36, 180, 900, 4500]
values-real = [0.008821080367979739, 0.007435564057834659, 0.007436647599977699, 0.007436648676721419]
values-imag = [0.07376267323292184, 0.08034711569774405, 0.08033473905376312, 0.08033473300748208]

[p-version]
nb_pts = [4, 9, 16, 25, 36, 49, 64, 81, 100, 121, 144, 169, 196, 225, 256, 289, 324, 361, 400, 441, 484, 529, 576, 625, 676]
values-real = [0.062004189353311964, -0.028048201112884807, 0.02745201487727245, 0.006050202208183279, 0.008821080367979729, 0.00730514613660716, 0.007375777977728131, 0.007444059364772068, 0.007433606597925627, 0.007437485296154672, 0.007437155322109841, 0.00743665168694848, 0.007436677888488044, 0.007436653128055499, 0.007436648276822297, 0.007436648800074455, 0.007436648814515163, 0.007436648623108147, 0.007436648645138587, 0.007436648681603737, 0.007436648680087809, 0.007436648677929311, 0.007436648678032939, 0.007436648678324587, 0.007436648678226047]
values-imag = [0.27064682385552724, -0.10279493731949893, 0.07685556416396838, 0.08168974592636341, 0.07376267323292188, 0.07964022370967562, 0.07892792362932621, 0.080455691574554, 0.08034622328789758, 0.08034102775307553, 0.08034134076013053, 0.08033482420304124, 0.08033504453588443, 0.0803347281310572, 0.08033473614022445, 0.08033473299431405, 0.08033473305587871, 0.08033473300077934, 0.08033473300165146, 0.08033473300050718, 0.08033473300052221, 0.08033473300052456, 0.08033473300052464, 0.08033473300052456, 0.08033473300052468]
