k = 5.0
x0 = [2.0, 0.5]
point-type = "Chebyshev-1"

[reference]
value-real = 0.006769104683547219
value-imag = 0.08264090106618247
precision = 1.3395999299592308e-15

[barycenter-rule]
nb_pts = [1, 5, 25, 125, 625, 3125]
values-real = [-0.30794593139094406, 0.0028421920514345514, 0.006639296746152363, 0.00675694915807957, 0.0067677804722781724, 0.00676895787279322]
values-imag = [-0.37478449939508274, 0.16455343970859526, 0.08833135937167907, 0.08324639182281171, 0.08270786069003976, 0.08264833712704603]

[h-version-Q1]
nb_pts = [4, 20, 100, 500, 2500]
values-real = [0.062004189353312616, 0.007554783340558327, 0.006799875156159475, 0.006772123224395622, 0.006769435485763894]
values-imag = [0.2706468238555273, 0.05851124836510958, 0.08118898966350795, 0.08248918088390877, 0.08262415688890326]

[h-version-Q2]
nb_pts = [9, 45, 225, 1125, 5625]
values-real = [-0.028458079763933372, 0.006722533724034065, 0.006769037275494029, 0.006769104455030954, 0.006769104681541439]
values-imag = [-0.10289565449774078, 0.08503669381370507, 0.08265880726245108, 0.0826411118628662, 0.08264090365509622]

[h-version-Q3]
nb_pts = [16, 80, 400, 2000, 10000]
values-real = [0.02727942517886206, 0.006792397272819835, 0.006769113946137894, 0.006769104635315353, 0.006769104682749964]
values-imag = [0.07686782855131427, 0.08360968988272927, 0.08264857993016714, 0.08264099202222831, 0.08264090218402743]

[h-version-Q4]
nb_pts = [25, 125, 625, 3125]
values-real = [0.005150043469619694, 0.006769265522472444, 0.006769105222282882, 0.0067691046843131215]
values-imag = [0.0823258277440065, 0.08263071424629846, 0.08264089183879982, 0.08264090105400129]

[h-version-Q5]
nb_pts = [36, 180, 900, 4500]
values-real = [0.00805377834588208, 0.006768934616502395, 0.006769104108475981, 0.0067691046827291984]
values-imag = [0.07420025795275031, 0.08265307152585613, 0.08264091104378762, 0.08264090107921196]

[p-version]
nb_pts = [4, 9, 16, 25, 36, 49, 64, 81, 100, 121, 144, 169, 196, 225, 256, 289, 324, 361, 400, 441, 484, 529, 576, 625, 676]
values-real = [0.06200418935331235, -0.028458079763932692, 0.027279425178861925, 0.005150043469619638, 0.008053778345882027, 0.006599620558534052, 0.006673385258781091, 0.006775755978794262, 0.006765315004362969, 0.006770029197066286, 0.006769825279184863, 0.006769111255753231, 0.006769149034397579, 0.006769109123616512, 0.006769104602150951, 0.006769104818645645, 0.006769104854786395, 0.006769104616715383, 0.006769104645533941, 0.006769104686569029, 0.006769104684658559, 0.006769104683276812, 0.006769104683341929, 0.006769104683621262, 0.00676910468352018]
values-imag = [0.2706468238555272, -0.10289565449774091, 0.07686782855131435, 0.08232582774400604, 0.0742002579527504, 0.08153308397675496, 0.08063704658485159, 0.08272360336375577, 0.08257432316646574, 0.08264600236423018, 0.08264271468293045, 0.08264097745630136, 0.08264103817166864, 0.0826408955369075, 0.08264089917733518, 0.08264090106547647, 0.08264090102786353, 0.08264090106742761, 0.08264090106679879, 0.08264090106617432, 0.08264090106618231, 0.08264090106618256, 0.08264090106618238, 0.08264090106618238, 0.08264090106618252]
