k = 5.0
x0 = [2.0, 0.5]
point-type = "Chebyshev-1"

[reference]
value-real = 0.007436648678255659
value-imag = 0.08033473300052463
precision = 8.170668959288607e-16

[barycenter-rule]
nb_pts = [1, 5, 25, 125, 625, 3125]
values-real = [-0.30794593139094406, 0.0028421920514345514, 0.0073521787823898534, 0.007430200894034145, 0.00743596858796841, 0.007436573575280508]
values-imag = [-0.37478449939508274, 0.16455343970859526, 0.08586628108435695, 0.08092514201772803, 0.08040005650904719, 0.08034198782564694]

[h-version-Q1]
nb_pts = [4, 20, 100, 500, 2500]
values-real = [0.06200418935331241, 0.008660220372226336, 0.007458732673655053, 0.007438278851778512, 0.007436818977555565]
values-imag = [0.2706468238555272, 0.05466794860871149, 0.0789293654483992, 0.08018689479845661, 0.08031839943729975]

[h-version-Q2]
nb_pts = [9, 45, 225, 1125, 5625]
values-real = [-0.02804820111288485, 0.00725241192383029, 0.007435449267317845, 0.007436632096091551, 0.007436648452728241]
values-imag = [-0.10279493731949899, 0.08314363369893707, 0.08034930959609697, 0.08033489165769712, 0.0803347348581395]

[h-version-Q3]
nb_pts = [16, 80, 400, 2000, 10000]
values-real = [0.027452014877271513, 0.007393303663595439, 0.0074361661719405964, 0.007436641641126935, 0.007436648582088782]
values-imag = [0.0768555641639688, 0.08148616578787803, 0.08034087917327616, 0.08033480058179446, 0.08033473379288751]

[h-version-Q4]
nb_pts = [25, 125, 625, 3125]
values-real = [0.0060502022081831, 0.0074381472840693574, 0.007436650151982438, 0.007436648680340349]
values-imag = [0.08168974592636326, 0.08031971107096567, 0.08033472485680615, 0.0803347329910855]

[h-version-Q5]
nb_pts = [36, 180, 900, 4500]
values-real = [0.008821080367980145, 0.00743556405783493, 0.007436647599977678, 0.007436648676721406]
values-imag = [0.07376267323292171, 0.08034711569774394, 0.08033473905376305, 0.080334733007482]

[p-version]
nb_pts = [4, 9, 16, 25, 36, 49, 64, 81, 100, 121, 144, 169, 196, 225, 256, 289, 324, 361, 400, 441, 484, 529, 576, 625, 676]
values-real = [0.06200418935331334, -0.028048201112884003, 0.02745201487727152, 0.006050202208183537, 0.008821080367979836, 0.00730514613660706, 0.007375777977727869, 0.007444059364772042, 0.007433606597925568, 0.007437485296154436, 0.007437155322109877, 0.00743665168694844, 0.007436677888487849, 0.007436653128055309, 0.007436648276822462, 0.0074366488000744335, 0.007436648814515204, 0.007436648623108066, 0.007436648645138735, 0.00743664868160374, 0.007436648680087756, 0.007436648677929091, 0.007436648678033098, 0.007436648678324605, 0.007436648678225933]
values-imag = [0.27064682385552724, -0.10279493731949936, 0.0768555641639688, 0.08168974592636327, 0.07376267323292172, 0.07964022370967562, 0.07892792362932625, 0.08045569157455407, 0.0803462232878976, 0.0803410277530755, 0.0803413407601304, 0.08033482420304132, 0.08033504453588457, 0.0803347281310573, 0.0803347361402245, 0.08033473299431408, 0.08033473305587863, 0.08033473300077937, 0.0803347330016516, 0.08033473300050722, 0.08033473300052225, 0.08033473300052466, 0.08033473300052453, 0.08033473300052456, 0.08033473300052467]
