k = 5.0
x0 = [2.0, 0.5]
point-type = "Chebyshev-1"

[reference]
value-real = 0.006769104683547231
value-imag = 0.0826409010661826
precision = 1.0380885844640924e-15

[barycenter-rule]
nb_pts = [1, 5, 25, 125, 625, 3125]
values-real = [-0.30794593139094406, 0.0028421920514345167, 0.0066392967461523685, 0.006756949158079557, 0.006767780472278127, 0.00676895787279326]
values-imag = [-0.37478449939508274, 0.1645534397085953, 0.08833135937167907, 0.0832463918228118, 0.08270786069003971, 0.08264833712704611]

[h-version-Q1]
nb_pts = [4, 20, 100, 500, 2500]
values-real = [0.06200418935331162, 0.0075547833405584935, 0.006799875156159527, 0.006772123224395677, 0.006769435485763933]
values-imag = [0.27064682385552735, 0.05851124836510933, 0.0811889896635079, 0.08248918088390883, 0.08262415688890332]

[h-version-Q2]
nb_pts = [9, 45, 225, 1125, 5625]
values-real = [-0.028458079763933067, 0.0067225337240341635, 0.00676903727549413, 0.0067691044550309, 0.006769104681541474]
values-imag = [-0.10289565449774082, 0.08503669381370496, 0.08265880726245105, 0.08264111186286621, 0.08264090365509637]

[h-version-Q3]
nb_pts = [16, 80, 400, 2000, 10000]
values-real = [0.02727942517886283, 0.006792397272819949, 0.006769113946137931, 0.006769104635315465, 0.006769104682750021]
values-imag = [0.07686782855131452, 0.08360968988272943, 0.08264857993016717, 0.08264099202222838, 0.08264090218402736]

[h-version-Q4]
nb_pts = [25, 125, 625, 3125]
values-real = [0.0051500434696198395, 0.006769265522472435, 0.0067691052222829, 0.006769104684313146]
values-imag = [0.08232582774400618, 0.08263071424629838, 0.0826408918387998, 0.08264090105400143]

[h-version-Q5]
nb_pts = [36, 180, 900, 4500]
values-real = [0.00805377834588229, 0.006768934616502512, 0.006769104108476098, 0.00676910468272926]
values-imag = [0.07420025795275026, 0.0826530715258561, 0.08264091104378765, 0.0826409010792119]

[p-version]
nb_pts = [4, 9, 16, 25, 36, 49, 64, 81, 100, 121, 144, 169, 196, 225, 256, 289, 324, 361, 400, 441, 484, 529, 576, 625, 676]
values-real = [0.062004189353313505, -0.028458079763933525, 0.02727942517886234, 0.0051500434696193035, 0.008053778345882012, 0.006599620558534091, 0.00667338525878154, 0.006775755978794321, 0.006765315004363077, 0.006770029197066504, 0.0067698252791848785, 0.006769111255753373, 0.006769149034397524, 0.0067691091236164805, 0.006769104602150835, 0.0067691048186456024, 0.006769104854786446, 0.006769104616715356, 0.006769104645534127, 0.006769104686569227, 0.0067691046846584555, 0.006769104683276795, 0.006769104683342012, 0.006769104683621329, 0.006769104683520245]
values-imag = [0.2706468238555272, -0.10289565449774062, 0.07686782855131474, 0.08232582774400601, 0.07420025795275065, 0.0815330839767544, 0.08063704658485148, 0.08272360336375549, 0.08257432316646565, 0.08264600236423028, 0.08264271468293026, 0.08264097745630122, 0.08264103817166868, 0.08264089553690747, 0.0826408991773352, 0.08264090106547636, 0.0826409010278633, 0.08264090106742757, 0.08264090106679868, 0.08264090106617421, 0.0826409010661824, 0.08264090106618249, 0.08264090106618241, 0.08264090106618234, 0.08264090106618253]
