k = 5.0
x0 = [2.0, 0.5, 1.0]
point-type = "Chebyshev-1"

[reference]
value-real = 0.009016622023243374
value-imag = -0.0061009026499373314
precision = 2.2633466712915386e-14

[barycenter-rule]
nb_pts = [1, 9, 81, 729, 6561]
values-real = [0.1940930214169095, 0.012399101968764568, 0.009641730946933342, 0.00908544788654874, 0.009024258484141246]
values-imag = [-0.3909016366216002, -0.0035848830706068854, -0.006514407217297133, -0.006147417069565695, -0.0061060695016467905]

[h-version-Q1]
nb_pts = [8, 72, 648, 5832]
values-real = [0.0068016868011793186, 0.009470425999780801, 0.008942604873545527, 0.009008061239418205]
values-imag = [0.021720599397209592, -0.007936613283716911, -0.006054630803583663, -0.006095133183597128]

[h-version-Q2]
nb_pts = [27, 243, 2187]
values-real = [0.03028418282737675, 0.008671826221748941, 0.009015304443057322]
values-imag = [-0.054696972603435645, -0.005482677106954971, -0.0060990699511645876]

[h-version-Q3]
nb_pts = [64, 576, 5184]
values-real = [0.00040582786603164493, 0.008797050736328554, 0.009015803180466648]
values-imag = [0.004430698558989664, -0.005721511532054288, -0.00609976093598554]

[h-version-Q4]
nb_pts = [125, 1125, 10125]
values-real = [0.010092712641780646, 0.009018162011408563, 0.00901662297764879]
values-imag = [-0.007804206564472399, -0.006103839378178003, -0.006100904000106631]

[h-version-Q5]
nb_pts = [216, 1944, 17496]
values-real = [0.010234573393929532, 0.00901144106705116, 0.00901661916354043]
values-imag = [-0.009382389372768335, -0.006092788183476475, -0.006100899294449936]

[p-version]
nb_pts = [8, 27, 64, 125, 216, 343, 512, 729, 1000, 1331, 1728, 2197, 2744, 3375]
values-real = [0.0068016868011792075, 0.03028418282737636, 0.0004058278660318531, 0.010092712641780629, 0.010234573393929539, 0.009278073547044154, 0.00942381019700462, 0.008997367792223864, 0.00902445246808318, 0.009015133853609664, 0.009015341252182361, 0.009016598252882202, 0.009016567197892539, 0.009016624286939218]
values-imag = [0.02172059939720984, -0.05469697260343582, 0.004430698558989792, -0.0078042065644725305, -0.009382389372768326, -0.0065202396331784165, -0.006981421588704374, -0.006048063426655242, -0.006120153920110684, -0.006097119327279757, -0.006098146153004552, -0.006100860891662306, -0.006100760151326011, -0.006100906979059829]
