k = 5.0
x0 = [0.5, -2.0, 1.0]
point-type = "Chebyshev-1"

[reference]
value-real = 0.008379596855091643
value-imag = -0.005981039796918943
precision = 3.854343367780096e-15

[barycenter-rule]
nb_pts = [1, 9, 81, 729, 6561, 59049]
mesh-size = [3.4641016151377544, 1.1547005383792515, 0.38490017945975047, 0.12830005981991682, 0.04276668660663894, 0.014255562202212978]
values-real = [0.1940930214169095, 0.012399101968764575, 0.008969026160575894, 0.008443662671567927, 0.008386695061197987, 0.008380385275329444]
values-imag = [-0.3909016366216002, -0.0035848830706068716, -0.0063836240434870135, -0.006026582765073073, -0.005986104136385668, -0.0059816025174452905]

[h-version-Q1]
nb_pts = [8, 72, 648, 5832, 52488, 472392]
mesh-size = [3.4641016151377544, 1.1547005383792515, 0.38490017945975047, 0.12830005981991682, 0.04276668660663894, 0.014255562202212978]
values-real = [0.006801686801179811, 0.00852921712608629, 0.00830746361918692, 0.008371599384894002, 0.008378709654890447, 0.00837949830296573]
values-imag = [0.02172059939720968, -0.007758366303118198, -0.005936750266313006, -0.005975406593774192, -0.0059804073989882505, -0.005980969463937113]

[h-version-Q2]
nb_pts = [27, 243, 2187, 19683, 177147, 1594323]
mesh-size = [3.4641016151377544, 1.1547005383792515, 0.38490017945975047, 0.12830005981991682, 0.04276668660663894, 0.014255562202212978]
values-real = [0.030237689990690028, 0.008134391026088962, 0.00837924787300546, 0.008379595567754824, 0.008379596859918091, 0.008379596855343788]
values-imag = [-0.0546027350629731, -0.0053785206686621494, -0.005978956297452799, -0.005981019801107217, -0.00598103958408225, -0.00598103979461242]

[h-version-Q3]
nb_pts = [64, 576, 5184, 46656, 419904, 3779136]
mesh-size = [3.4641016151377544, 1.1547005383792515, 0.38490017945975047, 0.12830005981991682, 0.04276668660663894, 0.014255562202212978]
values-real = [0.00017747304218548475, 0.008220024617122098, 0.008379370991572507, 0.008379596044758797, 0.00837959685805342, 0.008379596855247954]
values-imag = [0.004383008767970139, -0.00561100488279891, -0.005979745153338632, -0.005981027425438844, -0.005981039665236179, -0.005981039795490923]

[h-version-Q4]
nb_pts = [125, 1125, 10125, 91125, 820125, 7381125]
mesh-size = [3.4641016151377544, 1.1547005383792515, 0.38490017945975047, 0.12830005981991682, 0.04276668660663894, 0.014255562202212978]
values-real = [0.009453655039789502, 0.008380906430913335, 0.008379597335781742, 0.008379596855538319, 0.008379596855092479, 0.008379596855091688]
values-imag = [-0.007424766142806834, -0.005983815796491656, -0.005981041291726402, -0.005981039798634271, -0.0059810397969215084, -0.005981039796918947]

[h-version-Q5]
nb_pts = [216, 1944, 17496, 157464, 1417176, 12754584]
mesh-size = [3.4641016151377544, 1.1547005383792515, 0.38490017945975047, 0.12830005981991682, 0.04276668660663894, 0.014255562202212978]
values-real = [0.009659819525640564, 0.008375770094525505, 0.008379595587331725, 0.008379596853931819, 0.008379596855090989, 0.008379596855091669]
values-imag = [-0.009309050872719327, -0.005973165407099419, -0.005981036008059678, -0.005981039792650026, -0.005981039796914013, -0.005981039796918911]

[p-version]
nb_pts = [8, 27, 64, 125, 216, 343, 512, 729, 1000, 1331, 1728, 2197, 2744, 3375]
mesh-size = [3.4641016151377544]
values-real = [0.006801686801179537, 0.030237689990689855, 0.000177473042185483, 0.009453655039789675, 0.009659819525640503, 0.008591834345730215, 0.008790955114686357, 0.00835372738913472, 0.008387642553701103, 0.008377814986339506, 0.008378325809248983, 0.008379570597699544, 0.008379542236763186, 0.008379599269835761]
values-imag = [0.021720599397208724, -0.05460273506297314, 0.004383008767970116, -0.00742476614280686, -0.009309050872719427, -0.006343956717028993, -0.006864274132829103, -0.005924539926110088, -0.006000325514806628, -0.005977159515321559, -0.005978284216382981, -0.0059809981500729, -0.005980897479163735, -0.0059810442030755265]
