k = 5.0
x0 = [0.5, -2.0, 1.0]
point-type = "Chebyshev-1"

[reference]
value-real = 0.008379596855091664
value-imag = -0.005981039796918918
precision = 7.603314460162691e-16

[barycenter-rule]
nb_pts = [1, 9, 81, 729, 6561, 59049]
mesh-size = [3.4641016151377544, 1.1547005383792515, 0.38490017945975047, 0.12830005981991682, 0.04276668660663894, 0.014255562202212978]
values-real = [0.1940930214169095, 0.012399101968764575, 0.008969026160575894, 0.008443662671567927, 0.008386695061197987, 0.008380385275329444]
values-imag = [-0.3909016366216002, -0.0035848830706068716, -0.0063836240434870135, -0.006026582765073073, -0.005986104136385668, -0.0059816025174452905]

[h-version-Q1]
nb_pts = [8, 72, 648, 5832, 52488, 472392]
mesh-size = [3.4641016151377544, 1.1547005383792515, 0.38490017945975047, 0.12830005981991682, 0.04276668660663894, 0.014255562202212978]
values-real = [0.006801686801179881, 0.008529217126086551, 0.008307463619186953, 0.008371599384893996, 0.00837870965489046, 0.008379498302965738]
values-imag = [0.021720599397209304, -0.007758366303118222, -0.005936750266313039, -0.005975406593774202, -0.005980407398988248, -0.0059809694639371075]

[h-version-Q2]
nb_pts = [27, 243, 2187, 19683, 177147, 1594323]
mesh-size = [3.4641016151377544, 1.1547005383792515, 0.38490017945975047, 0.12830005981991682, 0.04276668660663894, 0.014255562202212978]
values-real = [0.030237689990690018, 0.00813439102608896, 0.008379247873005447, 0.008379595567754817, 0.008379596859918084, 0.008379596855343768]
values-imag = [-0.054602735062973085, -0.0053785206686621685, -0.005978956297452815, -0.005981019801107209, -0.005981039584082245, -0.005981039794612419]

[h-version-Q3]
nb_pts = [64, 576, 5184, 46656, 419904, 3779136]
mesh-size = [3.4641016151377544, 1.1547005383792515, 0.38490017945975047, 0.12830005981991682, 0.04276668660663894, 0.014255562202212978]
values-real = [0.00017747304218564217, 0.008220024617122092, 0.008379370991572517, 0.008379596044758793, 0.008379596858053439, 0.008379596855247955]
values-imag = [0.0043830087679701, -0.005611004882798939, -0.005979745153338627, -0.0059810274254388385, -0.005981039665236173, -0.005981039795490917]

[h-version-Q4]
nb_pts = [125, 1125, 10125, 91125, 820125, 7381125]
mesh-size = [3.4641016151377544, 1.1547005383792515, 0.38490017945975047, 0.12830005981991682, 0.04276668660663894, 0.014255562202212978]
values-real = [0.009453655039789564, 0.008380906430913364, 0.008379597335781724, 0.00837959685553829, 0.008379596855092476, 0.008379596855091632]
values-imag = [-0.007424766142806835, -0.005983815796491614, -0.0059810412917263725, -0.0059810397986342625, -0.005981039796921522, -0.005981039796918951]

[h-version-Q5]
nb_pts = [216, 1944, 17496, 157464, 1417176, 12754584]
mesh-size = [3.4641016151377544, 1.1547005383792515, 0.38490017945975047, 0.12830005981991682, 0.04276668660663894, 0.014255562202212978]
values-real = [0.009659819525640427, 0.008375770094525484, 0.008379595587331689, 0.008379596853931786, 0.008379596855090985, 0.008379596855091685]
values-imag = [-0.009309050872719438, -0.005973165407099476, -0.005981036008059685, -0.005981039792650076, -0.005981039796914043, -0.0059810397969189185]

[p-version]
nb_pts = [8, 27, 64, 125, 216, 343, 512, 729, 1000, 1331, 1728, 2197, 2744, 3375]
mesh-size = [3.4641016151377544]
values-real = [0.006801686801179846, 0.030237689990689615, 0.00017747304218564998, 0.009453655039789557, 0.009659819525640585, 0.008591834345730248, 0.008790955114686333, 0.008353727389134669, 0.008387642553701067, 0.008377814986339525, 0.008378325809248938, 0.008379570597699556, 0.00837954223676318, 0.008379599269835733]
values-imag = [0.02172059939720952, -0.05460273506297325, 0.004383008767969986, -0.0074247661428067145, -0.009309050872719318, -0.00634395671702884, -0.006864274132829114, -0.005924539926110153, -0.006000325514806648, -0.00597715951532149, -0.005978284216382947, -0.005980998150072872, -0.00598089747916368, -0.005981044203075533]
